fasttext:
  test:
    info:
      model_data_size: 764M
      train_data_md5_hash: 9fcaa73f6259b08c3946dc5a4bcdb1dd
      train_data_size: 80K
      training_architecture: fasttext_v1
      training_epochs: 10
      training_vector_size: 100
    score:
      synonyms: -0.09000000357627869
      homonyms: -0.05999999865889549
      antonyms: 0.029999999329447746
